Best Trial: 4
mAP50: 0.5923

Best Hyperparameters:
batch = 64
lr0 = 0.00672093005015611
lrf = 0.028708753481954688
momentum = 0.8930827317406593
weight_decay = 7.404465173409036e-05
warmup_epochs = 2
box = 5.579345297625649
cls = 0.890482740700475
dfl = 1.9349471902413369
hsv_s = 0.3308980248526492
hsv_v = 0.057202515257421274
degrees = 13.9942044772048
translate = 0.06503666440534941
scale = 0.864803089169032
fliplr = 0.6375574713552131
mosaic = 0.9436063712881633
mixup = 0.23610746258097465
